0	1	1	1
1	1.000350248	1.000433862	0.999609314
2	1.000700741	1.000867365	0.999218934
3	1.00105148	1.00130198	0.998828858
4	1.001402465	1.001736236	0.998436157
5	1.001753696	1.002171606	0.998046692
6	1.002105173	1.002606617	0.99765753
7	1.002456898	1.003042744	0.997268672
8	1.002808869	1.003478512	0.996880117
9	1.003161087	1.003915398	0.996488947
10	1.003513553	1.004351924	0.996100999
11	1.003866267	1.004789571	0.995713354
12	1.004219229	1.005226859	0.995326009
13	1.004572439	1.005665269	0.994938966
14	1.004925897	1.006103319	0.994549318
15	1.005279605	1.006542494	0.994162878
16	1.004877577	1.00650681	0.995867793
17	1.00447587	1.00647113	0.99757564
18	1.004075073	1.006436195	0.99929229
19	1.003674007	1.006400519	1.001011914
20	1.003273262	1.006365589	1.00274042
21	1.002873424	1.006329918	1.004474907
22	1.002473317	1.00629425	1.006212429
23	1.00207353	1.006259327	1.007958958
24	1.001674647	1.006223664	1.009708565
25	1.001275497	1.006188003	1.011467263
26	1.000877249	1.006153087	1.013232098
27	1.000478733	1.006117432	1.015000075
28	1.000080535	1.006082521	1.01677727
29	0.999683237	1.00604687	1.018557651
30	0.999285672	1.006011222	1.020347338
31	1.001550537	1.007054977	1.022057366
32	1.003825104	1.008101646	1.023773135
33	1.006110617	1.009149746	1.025494675
34	1.008405967	1.010200027	1.027222014
35	1.010712411	1.011252497	1.028955182
36	1.013028831	1.012307162	1.030694209
37	1.015356494	1.013364029	1.032442256
38	1.017694275	1.014423106	1.034193099
39	1.020043452	1.015484398	1.035949891
40	1.0224035	1.016547913	1.037712662
41	1.024773882	1.017613658	1.039481441
42	1.027155896	1.018681641	1.041256261
43	1.02954839	1.019751867	1.043037152
44	1.031952678	1.020824344	1.044824145
45	1.034367597	1.021899846	1.046617272
46	1.034595531	1.023292555	1.050906396
47	1.034823566	1.024689065	1.055230818
48	1.035051077	1.02608862	1.059590978
49	1.035279313	1.027492777	1.063987318
50	1.035507024	1.028900783	1.068420292
51	1.035735461	1.030312653	1.07289036
52	1.035963999	1.031728403	1.077397989
53	1.036192011	1.033148049	1.081943654
54	1.036420751	1.034571607	1.086527839
55	1.036649592	1.035999094	1.091151036
56	1.036877906	1.037430525	1.095813744
57	1.037106948	1.038865918	1.100516472
58	1.037335464	1.040305288	1.105256149
59	1.037564709	1.041748652	1.110040449
60	1.037794055	1.043196027	1.114866348
61	1.040071641	1.046698249	1.130368348
62	1.042359247	1.050224876	1.146311393
63	1.044657575	1.053774533	1.162706629
64	1.04696542	1.057349086	1.17957766
65	1.049283486	1.060947146	1.196945502
66	1.051359574	1.063089066	1.178282924
67	1.053443247	1.065239652	1.16019338
68	1.055535845	1.06739812	1.142650876
69	1.057636121	1.069566193	1.12563469
70	1.059745427	1.071743092	1.109114257
71	1.067155177	1.075939213	1.120154579
72	1.074669949	1.080168322	1.131420668
73	1.082290625	1.08443167	1.14291184
74	1.090020844	1.088727936	1.154642743
75	1.097862284	1.09305838	1.166612957
76	1.10226593	1.094046462	1.184253295
77	1.10670576	1.095037212	1.20243955
78	1.111181501	1.096028876	1.221188697
79	1.115693591	1.097023222	1.240531801
80	1.120241741	1.098019373	1.26050221
81	1.127713214	1.100439925	1.271205182
82	1.135285018	1.102872066	1.28209147
83	1.142958426	1.105314085	1.293165823
84	1.150737042	1.107767843	1.304433158
85	1.158622261	1.110232519	1.315898562
86	1.29644665	1.340982355	1.315237388
87	1.47148939	1.692817943	1.314576879
88	1.701177849	2.294946583	1.313917032
89	2.015832125	3.56190048	1.313257848
90	2.473303717	7.951779671	1.312599324