0	1	1	1
1	1.000396782	1.00054685	1.000295714
2	1.000793879	1.001094299	1.000591603
3	1.001191291	1.001641547	1.000887667
4	1.001589019	1.002190195	1.00118072
5	1.001987703	1.002739444	1.001477133
6	1.002386064	1.003288493	1.001773722
7	1.002784742	1.003838947	1.002070486
8	1.003183737	1.004390005	1.002367426
9	1.00358305	1.004941668	1.002661346
10	1.003982681	1.005493132	1.002958636
11	1.00438263	1.006046008	1.003256103
12	1.004782898	1.006599493	1.003553746
13	1.005184129	1.007152779	1.003851566
14	1.005585036	1.007707482	1.004146358
15	1.005986264	1.008262796	1.00444453
16	1.006713539	1.00848558	1.007045793
17	1.007441866	1.008708462	1.009660564
18	1.008171248	1.008930631	1.01228895
19	1.008901038	1.00915371	1.01493433
20	1.009632535	1.009376887	1.01759028
21	1.010365094	1.009600163	1.020260168
22	1.011098716	1.009823538	1.022944103
23	1.011833405	1.010047012	1.025642196
24	1.012569162	1.010269772	1.028354559
25	1.013305989	1.010493443	1.031081307
26	1.01404389	1.010717213	1.033822553
27	1.014782867	1.010941083	1.03658183
28	1.015522264	1.011165052	1.039352441
29	1.016263398	1.011388305	1.042137902
30	1.017005614	1.011612472	1.044938334
31	1.018355958	1.013241681	1.046231106
32	1.01970923	1.014875326	1.047523592
33	1.021066768	1.016515071	1.048822772
34	1.022427926	1.018160123	1.050125179
35	1.02379205	1.019809679	1.051427311
36	1.025160488	1.02146542	1.052736199
37	1.026532589	1.023125713	1.054048349
38	1.027907695	1.024792248	1.055360234
39	1.029287165	1.026463382	1.056678938
40	1.030669666	1.028140817	1.058000942
41	1.032056564	1.029822899	1.059326257
42	1.033447199	1.031511341	1.060651321
43	1.034840905	1.033205329	1.06198329
44	1.03623906	1.034904037	1.063318608
45	1.037640311	1.036609196	1.064653684
46	1.037483364	1.03786837	1.067391865
47	1.037325778	1.039130608	1.070144166
48	1.037168241	1.040396781	1.072907039
49	1.037010751	1.04166518	1.075687893
50	1.03685331	1.042937541	1.0784832
51	1.036695916	1.044212146	1.081289356
52	1.036538569	1.045489871	1.084113889
53	1.036381271	1.046771599	1.086953217
54	1.03622402	1.048055598	1.089807456
55	1.036066817	1.049343629	1.09267293
56	1.035909662	1.05063395	1.095557328
57	1.035752554	1.051927448	1.098456994
58	1.035595494	1.053225019	1.101368194
59	1.035438482	1.054524909	1.104298743
60	1.0352822	1.055828011	1.107244928
61	1.04200098	1.056862847	1.125571577
62	1.048808238	1.057898822	1.144515106
63	1.055705023	1.05893683	1.164107194
64	1.062692394	1.059977773	1.18438173
65	1.069773603	1.061019866	1.205375001
66	1.069630821	1.062868045	1.206294792
67	1.069488077	1.064722673	1.207220621
68	1.069345371	1.066583786	1.208143232
69	1.069202704	1.068451416	1.209067255
70	1.069060074	1.07032651	1.209992692
71	1.074807603	1.070541957	1.224060513
72	1.080618009	1.070758403	1.238459298
73	1.086490827	1.070974937	1.253195871
74	1.092427828	1.071190644	1.268292486
75	1.09843007	1.071407353	1.283757259
76	1.102410311	1.078789968	1.276692626
77	1.106420281	1.086274089	1.269700199
78	1.110458745	1.093862778	1.262789017
79	1.114526799	1.101559209	1.255952666
80	1.118624767	1.109363731	1.249184976
81	1.129548743	1.112763764	1.263600578
82	1.14068818	1.116184702	1.278347583
83	1.152048671	1.119626738	1.293442866
84	1.163638586	1.12309007	1.308898912
85	1.175463187	1.126575905	1.324734389
86	1.378226417	1.28204937	1.316639532
87	1.665523274	1.487305428	1.308648446
88	2.104136861	1.770809937	1.300753776
89	2.856359619	2.187853307	1.292953787
90	4.445675616	2.861846695	1.285246786