0	1	1	1
1	0.999279786	0.999368708	0.999070428
2	0.998560609	0.998738212	0.998142582
3	0.997841814	0.998109337	0.997216458
4	0.997124704	0.997480429	0.996292051
5	0.996408625	0.996852313	0.995369356
6	0.995692923	0.996224988	0.994448369
7	0.994978898	0.995598451	0.993525792
8	0.994265896	0.994972702	0.992608212
9	0.993553268	0.99434774	0.991692325
10	0.992842307	0.993723562	0.990778127
11	0.992132363	0.993100167	0.989865612
12	0.991422789	0.992477553	0.988954777
13	0.990714872	0.991856536	0.988045616
14	0.990007966	0.99123548	0.987138126
15	0.989301427	0.990615202	0.986232301
16	0.991168235	0.991987856	0.987957722
17	0.993041454	0.993365137	0.98968919
18	0.994921768	0.994746247	0.991426739
19	0.996809216	0.996131204	0.993170399
20	0.998703839	0.997519197	0.994920203
21	1.000605677	0.998911891	0.996676184
22	1.002514773	1.00030848	0.998438374
23	1.004431168	1.001708147	1.000206807
24	1.006354903	1.003112571	1.001981515
25	1.008286021	1.004520938	1.003762532
26	1.010224565	1.005933266	1.005549892
27	1.012170578	1.007348729	1.007343629
28	1.014124102	1.008769025	1.009143776
29	1.016085182	1.010193332	1.010950369
30	1.01805386	1.011620818	1.012763442
31	1.017882605	1.01107561	1.015916737
32	1.017712086	1.010530143	1.019086265
33	1.017540945	1.00998611	1.022275633
34	1.017369861	1.009441817	1.025485026
35	1.017199514	1.008898955	1.028714634
36	1.017028545	1.008355833	1.031964649
37	1.016857634	1.007814138	1.035235264
38	1.01668678	1.007272184	1.038526677
39	1.016516662	1.006731652	1.041839085
40	1.016345922	1.006190861	1.045172691
41	1.016175241	1.005651488	1.048527699
42	1.016005293	1.005111857	1.051908006
43	1.015834726	1.004572804	1.055306464
44	1.015664215	1.004035165	1.058726953
45	1.015494439	1.003497266	1.062169687
46	1.016501754	1.006258008	1.066229781
47	1.017511069	1.009033983	1.070317213
48	1.018523071	1.011825316	1.074439954
49	1.019536406	1.014632136	1.078594578
50	1.020552442	1.017454571	1.082777547
51	1.021569822	1.020292753	1.086997027
52	1.022589917	1.023146813	1.091249522
53	1.023611365	1.026016885	1.095531418
54	1.024634855	1.028903105	1.099851083
55	1.025661084	1.031805608	1.104204948
56	1.026688679	1.034724533	1.108589322
57	1.027719029	1.037660021	1.113012783
58	1.028750754	1.040612211	1.117471687
59	1.029785248	1.043581248	1.12196646
60	1.030821128	1.046567275	1.126493305
61	1.035828554	1.046800682	1.13397824
62	1.040884867	1.047034193	1.141567653
63	1.045990786	1.047267809	1.149254933
64	1.051147045	1.047501528	1.157046446
65	1.056354391	1.047735352	1.164944328
66	1.058965325	1.050976846	1.159197922
67	1.061589937	1.05423938	1.153503491
68	1.064226849	1.057521305	1.147869127
69	1.066876893	1.060823729	1.142289539
70	1.069540168	1.064146842	1.136759622
71	1.072571246	1.065031886	1.144714088
72	1.075618794	1.065919345	1.152780661
73	1.078684473	1.066808284	1.160957233
74	1.081766909	1.067698708	1.169255185
75	1.084867785	1.068590619	1.17767261
76	1.089337355	1.074163847	1.18678957
77	1.09384469	1.079795514	1.196044019
78	1.09838869	1.085486544	1.205448779
79	1.102970599	1.091237881	1.215002613
80	1.1075917	1.097051486	1.224709097
81	1.115552093	1.101992343	1.233343068
82	1.123628566	1.106978921	1.242094493
83	1.131821998	1.112009808	1.25097622
84	1.140136652	1.117087667	1.259980587
85	1.148573508	1.122212113	1.26912089
86	1.363706853	1.277440726	1.231843334
87	1.678005326	1.482508458	1.196697955
88	2.180568982	1.766005572	1.163502392
89	3.112877872	2.183560206	1.132094491
90	5.437845028	2.859717415	1.10234174