0	1	1	1
1	1.009564149	1.00643695	1.017643705
2	1.019313664	1.012956493	1.035921193
3	1.029252654	1.019561875	1.054867238
4	1.039387376	1.026253135	1.074519205
5	1.00932892	1.00217176	0.989581044
6	1.007641948	1.001584019	0.98996751
7	1.005960607	1.00099776	0.990354278
8	1.004285501	1.000411394	0.990741349
9	1.002615333	0.999825715	0.991128722
10	1.00095071	0.999240721	0.99151314
11	1.003013211	1.000064976	0.991382795
12	1.005083594	1.000890592	0.991252485
13	1.007162541	1.001717572	0.991122209
14	1.009250748	1.002545124	0.990991968
15	1.011346988	1.003374841	0.99086176
16	1.013267218	1.002704425	0.99319766
17	1.015195402	1.002035699	0.995541313
18	1.017130939	1.001367071	0.997899354
19	1.019073217	1.000699334	1.000265276
20	1.021023582	1.000032487	1.002645775
21	1.021034074	1.002327759	1.008114295
22	1.021044566	1.004633591	1.013642794
23	1.021055714	1.006950057	1.019235708
24	1.021066207	1.009276423	1.024887201
25	1.0210767	1.011614374	1.030601716
26	1.022226309	1.011757104	1.024740972
27	1.023378509	1.011899064	1.018946508
28	1.02453331	1.012041874	1.013217206
29	1.02569072	1.012183914	1.007555337
30	1.026851412	1.012326805	1.001953067
31	1.02534276	1.013959923	1.0103868
32	1.023838535	1.015598319	1.01896716
33	1.022339374	1.017242019	1.027690997
34	1.020843942	1.018891047	1.036569064
35	1.019353532	1.020546256	1.045598236
36	1.022541902	1.023105109	1.047042694
37	1.025750281	1.025677659	1.048491147
38	1.028979523	1.028263179	1.049943614
39	1.032228491	1.030861767	1.05140011
40	1.035498041	1.033473523	1.052860653
41	1.038788369	1.036098546	1.05432526
42	1.042100357	1.038736938	1.055793946
43	1.045432845	1.041388802	1.057266731
44	1.048786715	1.044053377	1.05874363
45	1.052162173	1.046732491	1.060224661
46	1.055770426	1.051352133	1.065610428
47	1.059402807	1.056012732	1.071054996
48	1.063060268	1.060714835	1.076555485
49	1.06674307	1.065459	1.082112762
50	1.0704522	1.070245793	1.087727712
51	1.076820331	1.075232412	1.099086199
52	1.083265422	1.080266642	1.110684409
53	1.089788129	1.085347301	1.122530012
54	1.096389107	1.090476919	1.134631009
55	1.103071303	1.095654303	1.146995749
56	1.112602859	1.102200152	1.16771766
57	1.122300574	1.108824687	1.189197393
58	1.13216883	1.115528348	1.211487024
59	1.142212167	1.122314557	1.23462313
60	1.152435285	1.129183837	1.258665365
61	1.160396921	1.138015545	1.263912748
62	1.168469329	1.146985451	1.269209408
63	1.176655708	1.156098942	1.274545262
64	1.184956721	1.165357341	1.279931602
65	1.19337569	1.174765225	1.285358184
66	1.200145848	1.182954194	1.310566103
67	1.206992343	1.19125813	1.336782536
68	1.213917402	1.199679473	1.364069241
69	1.220922383	1.208219572	1.392493122
70	1.228009628	1.216883303	1.422126781
71	1.239439826	1.232007466	1.42822715
72	1.251083822	1.247513537	1.434386903
73	1.262949676	1.263413638	1.440593137
74	1.275042768	1.279724279	1.446860251
75	1.287369688	1.296461568	1.453175131
76	1.30503694	1.304539544	1.466634578
77	1.323195853	1.312718816	1.480338416
78	1.341868374	1.3210013	1.494308162
79	1.361074274	1.329387563	1.508536537
80	1.380837937	1.337882403	1.523046163
81	1.406513257	1.366525548	1.55945408
82	1.43316019	1.396421984	1.597645264
83	1.460836294	1.42765581	1.637754022
84	1.489603761	1.460318819	1.679928493
85	1.519525541	1.494511402	1.724332482
86	1.718455008	1.665330003	1.779810722
87	1.9773164	1.880233062	1.838977523
88	2.327996802	2.158822201	1.902201399
89	2.82988097	2.534321561	1.969940181
90	3.607638282	3.067959891	2.042681564